cities:[0,1,2,3,4,5,6,7,8,9,10,11,12,13,14,15,16,17,18,19]
coordinatesx:[94,840,252,385,537,378,763,878,808,203,374,220,135,901,704,523,77,769,122,655]
coordinatesy:[758,248,867,426,49,752,702,793,410,564,178,401,458,148,186,109,826,9,219,251]
ncities:20
maxdistance:4427
distancevector:[0,903,191,441,836,284,671,784,794,222,644,378,302,1011,836,777,70,1008,539,756,903,0,853,488,362,683,460,546,165,711,471,638,735,117,149,346,957,249,718,185,191,853,0,460,866,170,536,630,719,306,699,467,425,968,817,804,179,1001,660,736,441,488,460,0,406,326,468,614,423,228,248,166,252,586,399,345,504,566,334,321,836,362,866,406,0,720,691,818,451,613,207,473,573,377,216,61,902,235,448,233,284,683,170,326,720,0,388,501,549,256,574,384,381,798,653,659,309,839,591,572,671,460,536,468,691,388,0,146,295,576,652,620,673,570,519,639,697,693,802,463,784,546,630,614,818,501,146,0,389,712,795,765,815,645,631,770,801,791,949,586,794,165,719,423,451,549,295,389,0,624,492,588,674,278,246,414,841,402,712,220,222,711,306,228,613,256,576,712,624,0,422,163,125,812,627,556,290,792,354,549,644,471,699,248,207,574,652,795,492,422,0,271,368,527,330,164,712,429,255,290,378,638,467,166,473,384,620,765,588,163,271,0,102,726,529,420,448,674,206,460,302,735,425,252,573,381,673,815,674,125,368,102,0,826,630,521,372,776,239,559,1011,117,968,586,377,798,570,645,278,812,527,726,826,0,200,380,1067,191,782,266,836,149,817,399,216,653,519,631,246,627,330,529,630,200,0,196,895,188,582,81,777,346,804,345,61,659,639,770,414,556,164,420,521,380,196,0,844,265,415,193,70,957,179,504,902,309,697,801,841,290,712,448,372,1067,895,844,0,1070,608,815,1008,249,1001,566,235,839,693,791,402,792,429,674,776,191,188,265,1070,0,680,267,539,718,660,334,448,591,802,949,712,354,255,206,239,782,582,415,608,680,0,533,756,185,736,321,233,572,463,586,220,549,290,460,559,266,81,193,815,267,533,0]
solution:1
param:0.99
MZN:/Users/nitiny/kpc/output/cases/tsp/tsp-20-2/mzn/12/12-0.99.dzn
type:6
