cities:[0,1,2,3,4,5,6,7,8,9]
ncities:10
coordinatesx:[336,730,719,43,425,987,627,523,96,363]
coordinatesy:[889,235,121,530,20,172,456,111,43,369]
maxweight:1324
startcity:5
endcity:8
distancevector:[0,918,0,729,0,0,742,0,618,0,918,0,0,644,0,945,294,285,0,0,0,0,0,0,0,0,346,0,797,299,729,644,0,0,758,990,354,0,792,0,0,0,0,758,0,517,486,0,33,0,0,945,0,990,517,0,0,0,512,735,742,294,346,354,486,0,0,0,0,0,0,285,0,0,0,0,0,0,219,530,618,0,797,792,33,512,0,219,0,653,0,0,299,0,0,735,0,530,653,0]
weightvector:[0,94,0,72,0,0,754,0,524,0,94,0,0,526,0,147,423,29,0,0,0,0,0,0,0,0,944,0,882,248,72,526,0,0,270,379,272,0,239,0,0,0,0,270,0,125,821,0,901,0,0,147,0,379,125,0,0,0,827,796,754,423,944,272,821,0,0,0,0,0,0,29,0,0,0,0,0,0,606,217,524,0,882,239,901,827,0,606,0,62,0,0,248,0,0,796,0,217,62,0]
problem_id:131-1-0.6
solution:1065
solution:1065