cities:[0,1,2,3,4,5,6,7,8,9]
ncities:10
coordinatesx:[560,436,831,425,675,334,562,264,669,63]
coordinatesy:[403,790,18,942,486,346,816,393,785,66]
maxweight:95
startcity:6
endcity:4
distancevector:[0,91,86,33,91,85,42,55,3,68,91,0,33,7,91,32,30,37,87,89,86,33,0,87,59,56,82,59,80,94,33,7,87,0,48,91,48,20,18,20,91,91,59,48,0,97,7,32,35,79,85,32,56,91,97,0,39,8,41,41,42,30,82,48,7,39,0,43,84,26,55,37,59,20,32,8,43,0,52,74,3,87,80,18,35,41,84,52,0,15,68,89,94,20,79,41,26,74,15,0]
weightvector:[0,54,48,46,22,82,57,99,74,14,54,0,86,56,72,87,58,7,74,45,48,86,0,27,28,8,77,50,33,44,46,56,27,0,56,57,34,81,56,3,22,72,28,56,0,99,91,7,48,93,82,87,8,57,99,0,99,32,19,64,57,58,77,34,91,99,0,83,29,39,99,7,50,81,7,32,83,0,29,47,74,74,33,56,48,19,29,29,0,84,14,45,44,3,93,64,39,47,84,0]
problem_id:4-5-0.6
solution:52