cities:[0,1,2,3,4,5,6,7,8,9]
ncities:10
coordinatesx:[204,649,44,44,925,282,93,932,998,696]
coordinatesy:[738,92,198,592,731,477,283,185,565,914]
maxweight:1592
startcity:7
endcity:8
distancevector:[0,587,0,0,0,1015,811,0,0,424,587,0,0,774,736,0,238,969,0,0,0,0,0,393,0,528,0,592,0,262,0,774,393,0,0,0,0,259,0,0,0,736,0,0,0,0,773,754,421,805,1015,0,528,0,0,0,659,751,351,0,811,238,0,0,773,659,0,0,680,842,0,969,592,259,754,751,0,0,0,466,0,0,0,0,421,351,680,0,0,0,424,0,262,0,805,0,842,466,0,0]
weightvector:[0,954,0,0,0,786,309,0,0,426,954,0,0,170,845,0,161,654,0,0,0,0,0,53,0,846,0,590,0,33,0,170,53,0,0,0,0,167,0,0,0,845,0,0,0,0,116,262,445,722,786,0,846,0,0,0,779,352,543,0,309,161,0,0,116,779,0,0,361,387,0,654,590,167,262,352,0,0,0,502,0,0,0,0,445,543,361,0,0,0,426,0,33,0,722,0,387,502,0,0]
problem_id:24-4-0.7
solution:1207
solution:1207