cities:[0,1,2,3,4,5,6,7,8,9]
ncities:10
coordinatesx:[191,410,57,738,910,660,54,796,52,506]
coordinatesy:[46,325,905,126,374,885,509,285,592,793]
maxweight:1957
startcity:4
endcity:3
distancevector:[0,0,470,0,0,0,364,122,636,427,0,0,693,470,370,0,466,0,862,443,470,693,0,0,364,0,442,0,0,609,0,470,0,0,0,410,0,271,0,492,0,370,364,0,0,394,0,0,613,0,0,0,0,410,394,0,0,525,0,0,364,466,442,0,0,0,0,0,729,0,122,0,0,271,0,525,0,0,689,305,636,862,0,0,613,0,729,689,0,0,427,443,609,492,0,0,0,305,0,0]
weightvector:[0,0,158,0,0,0,182,808,655,144,0,0,154,311,542,0,792,0,405,96,158,154,0,0,355,0,227,0,0,397,0,311,0,0,0,896,0,740,0,260,0,542,355,0,0,372,0,0,735,0,0,0,0,896,372,0,0,61,0,0,182,792,227,0,0,0,0,0,493,0,808,0,0,740,0,61,0,0,394,826,655,405,0,0,735,0,493,394,0,0,144,96,397,260,0,0,0,826,0,0]
problem_id:269-5-0.9
solution:863
solution:863