cities:[0,1,2,3,4,5,6,7,8,9]
ncities:10
coordinatesx:[452,978,699,796,48,299,686,107,376,141]
coordinatesy:[651,403,92,606,956,598,944,362,549,235]
maxweight:86
startcity:9
endcity:8
distancevector:[0,4,51,85,43,78,18,72,87,83,4,0,95,4,66,90,48,37,69,9,51,95,0,50,72,71,55,72,78,68,85,4,50,0,66,20,77,80,6,15,43,66,72,66,0,15,83,62,60,13,78,90,71,20,15,0,67,10,54,7,18,48,55,77,83,67,0,85,79,78,72,37,72,80,62,10,85,0,40,55,87,69,78,6,60,54,79,40,0,99,83,9,68,15,13,7,78,55,99,0]
weightvector:[0,91,17,34,55,61,46,56,68,91,91,0,40,56,74,54,22,90,65,34,17,40,0,64,69,12,86,33,89,19,34,56,64,0,36,15,15,91,29,79,55,74,69,36,0,62,11,25,4,45,61,54,12,15,62,0,32,27,27,12,46,22,86,15,11,32,0,12,78,90,56,90,33,91,25,27,12,0,39,35,68,65,89,29,4,27,78,39,0,75,91,34,19,79,45,12,90,35,75,0]
problem_id:43-0-0.6
solution:36